1.000000000000000000000000000000
0.998891712662407948997156381665
0.997786014809720622764643849223
0.996682903580330403769949043635
0.995582376122475132262934494065
0.994484429594205909808124488336
0.993389061163352904415546618111
0.992296268007494264296042274509
0.991206047313922256059015580831
0.990118396279602963616639499378
0.989033312111169959912615468056
0.987950792024866575324892892240
0.986870833246522694004454479000
0.985793433011522224340694720013
0.984718588564773122939755012339
0.983646297160674087933784903726
0.982576556063085249093091988470
0.981509362545037178371387653897
0.980444713889476515689125335484
0.979382607388459058839202953095
0.978323040343377026140103680518
0.977266010064929413481138453790
0.976211513873092573412293404544
0.975159549097089017877237893117
0.974110113075356554013239929191
0.973063203155501099672619602643
0.972018816694322884686130237242
0.970976951057729298355525315856
0.969937603620726118691663941718
0.968900771767385871058309021464
0.967866452890822515087165811565
0.966834644393158471054050551174
0.965805343685498085548601920891
0.964778548180521777766216473537
0.963754255314585583924724687677
0.962732462525565324540366418660
0.961713167260202839159433096938
0.960696366974078230782652099151
0.959682059131585107891737607133
0.958670241205898387981676478375
0.957660910678948429364254479879
0.956654065041365742061429955356
0.955649701792534722599725682812
0.954647818440485629309932846809
0.953648412501893694148691338341
0.952651481502050367922151963285
0.951657022974842670137718414480
0.950665034462719438224098666979
0.949675513516667901825485387235
0.948688457695678333259081682627
0.947703864568240739174598274985
0.946721731710795322278784169612
0.945742056708215095284231210826
0.944764837153776571021523977834
0.943790070649140222514006381971
0.942817754804318841621579849743
0.941847887237653780267976344476
0.940880465575755553508940920437
0.939915487453579112653301308455
0.938952950514298168016580348194
0.937992852409313404571378214314
0.937035190798224504327151862526
0.936079963348812271739518564573
0.935127167737007325420961478812
0.934176801646868004702639609604
0.933228862580496199008450730616
0.932283348428187830236879563017
0.931340256898234519766788253037
0.930399585706957577002640391584
0.929461332578680909932700160425
0.928525495245714260761360492324
0.927592071448322341709058491688
0.926661058934703407707900169044
0.925732455460926528800769119698
0.924806258791024737853092574369
0.923882466696854698362528779398
0.922961076958113135759731449070
0.922042087362309525921943986759
0.921125495704752328407494132989
0.920211299788516678965777373378
0.919299497424425404723535848461
0.918390086430359020575053818902
0.917483064633232703322107681743
0.916578429866973465323098935187
0.915676179973165638159571244614
0.914776312801024671372829288885
0.913878826207383254676130945882
0.912983718056661341933022413286
0.912090986220846722254407268338
0.911200628579429627862396046112
0.910312643019510647768299804738
0.909427027435649071307466329017
0.908543779729885314644377558579
0.907662897811715496665385671804
0.906784379598079559592349596642
0.905908223013330515804852893780
0.905034425989216795294112216652
0.904162986452774375401020279241
0.903293902362564571362213428074
0.902427171672394834445185551886
0.901562792343383323512284732715
0.900700762343936034426405967679
0.899841079649734809642325217283
0.898983742243707806274244376255
0.898128748116012731728119433683
0.897276095263968898052553413436
0.896425781692176903980850966036
0.895577805412359317926984658698
0.894732164443386990271278591536
0.893888856811255738676891269279
0.893047880549076245060291512345
0.892209233697044412636500965164
0.891372914302425822796749343979
0.890538920418776913656699889543
0.889707250108200953242487685202
0.888877901439053541565726845874
0.888050872486681575068701022246
0.887226161333400931141568435123
0.886403766068487031226652561600
0.885583684788145752975196955958
0.884765915595498442236532810057
0.883950456600514300475879281294
0.883137305920137505310663073033
0.882326461678121898302151748794
0.881517922005062293244748161669
0.880711685038372271705497951189
0.879907748922274968172985154524
0.879106111807775425504019040090
0.878306771852646606113523830572
0.877509723247895889741698738362
0.876714968138280315024246647226
0.875922504701755810785357425630
0.875132331122973727843827873585
0.874344445593259411708686457132
0.873558846310604431018020932243
0.872775531479638821963362715906
0.871994499311617210501879071671
0.871215748024351754885685750196
0.870439275842344040157172457839
0.869665080996617878561494308087
0.868893161724752838281915501284
0.868123516270863038180038984137
0.867356142885590264413053773751
0.866591039826077214058841491351
0.865828205355954172439680860407
0.865067637744520778753098966263
0.864309335269132672507907955151
0.863553296212781651419732042996
0.862799518864880377044812576059
0.862048001521242057698657390574
0.861298742484075008363220149477
0.860551740061955006133587176009
0.859806992569814187987731202156
0.859064498328872550025891996484
0.858324255666774837969512645941
0.857586262917421904283798994584
0.856850518421006124292205186066
0.856117020523991967273502723401
0.855385767579110001257447493117
0.854656757945331579939818311686
0.853929989987856186139936198742
0.853205462064891784201847713121
0.852483172567252811546723023639
0.851763119878731100875768333935
0.851045302389284885613562892104
0.850329718495020481228152675612
0.849616366598187733316649428161
0.848905245107153816341849505989
0.848196352436392242424290088820
0.847489687006416470005376595509
0.846785247243918570703158366086
0.846083031581600919501795488031
0.845383038458213498245186201530
0.844685266318534022644826109172
0.843989713613365277744549075578
0.843296378799508805634843611188
0.842605260339756134690958333522
0.841916356702066992490074426314
0.841229666361971717414292015746
0.840545187800140758405120777752
0.839862919503176708069247524691
0.839182859963596095020932352782
0.838505007679825498101422454056
0.837829361156177454539317750459
0.837155918902840467943349267443
0.836484679435813949233136099792
0.835815641277046994517263556190
0.835148802954271518572681998194
0.834484163001041445717476108257
0.833821719956713724997143799555
0.833161472366445776671639578126
0.832503418781171622420345102000
0.831847557757593003557872179954
0.831193887642910134161411406239
0.830542407220572820314430373401
0.829893115064502695510384455702
0.829246009754336266261987020698
0.828601089875407259555117889249
0.827958354018744957514286397782
0.827317800781049883518392107362
0.826679428764685475528040115023
0.826043236577614470306230032293
0.825409222833537126184921817185
0.824777386151727243124298638577
0.824147725157071242563233681722
0.823520238480050736917803533288
0.822894924756740975269053706143
0.822271782628787639701783973578
0.821650810743399517832585843280
0.821032007752553694146513407759
0.820415372315326574259586323024
0.819800903095538657794350001495
0.819188598762524589069755620585
0.818578457991116725800395670376
0.817970479461642585583547315764
0.817364661859904639840124218608
0.816761003877170543852059836354
0.816159504210112740629767813516
0.815560161560943797098843788262
0.814962974637257198118334144965
0.814367942152066093264295432164
0.813775062823786643484424985218
0.813184335376237465986548613728
0.812595758538618095911942873499
0.812009331045501658863372540509
0.811425051624518944848318824370
0.810842919033257336636211221048
0.810262932022340454096820394625
0.809685089347719433305883285357
0.809109389770659381824202682765
0.808535832057737713363110287901
0.807964414980823275591603760404
0.807395137317069022664384192467
0.806827997848852840334643587994
0.806262995363910550672414956352
0.805700128655181591064149415615
0.805139396520846539750948522851
0.804580797764312238840034297027
0.804024331194211794304749219009
0.803469995624384258903205591196
0.802917789873867415728625474003
0.802367712766150598113767955510
0.801819763131373042241989423928
0.801273939804105439499437579798
0.800730241624075467221643975790
0.800188667436154910106438364892
0.799649216090358661013226537762
0.799111886441824736948547069915
0.798576677350807950794830958330
0.798043587682623289936145738466
0.797512616307775368262866777513
0.796983762101808546063352878264
0.796457023945344788629085996945
0.795932400724069899489165891282
0.795409891328733520410310120496
0.794889494655129369427015717520
0.794371209604089689726436063211
0.793854982643304118994365126127
0.793340865121712535135145571985
0.792828855955093114715737101506
0.792318954064224700850616045500
0.791811158374874035636992175569
0.791305467817794982998691466491
0.790801881328710321028552243661
0.790300397848306079850999594782
0.789801016322178139894560899847
0.789303735700954800513784448412
0.788808554940155559620507119689
0.788315473000227084909852237615
0.787824488846530446295446381555
0.787335601449340893864814461267
0.786848809783830427377893101948
0.786364112830062578218814905995
0.785881509572307290767412268906
0.785400999001057753545751438651
0.784922580110997136770834003983
0.784446251901664393102464600815
0.783972013377443266435307123174
0.783499863547561625765069948102
0.783029801426074589798531633278
0.782561826031860308106047341425
0.782095936388567225527879145375
0.781632131524734097283158007485
0.781170410473652876426342572813
0.780710772273405462229334261792
0.780253215966850710572089155903
0.779797740601625433143340160314
0.779344345230127188983715313952
0.778893028909509843593639288883
0.778443790691398684877810865146
0.777996629652711657598729289020
0.777551544864821697622403462447
0.777108535403826516940739566053
0.776667600350537168374387420045
0.776228738790478489661950334266
0.775791949813873227270732968464
0.775357232515637040393130519078
0.774924585995330872378872300033
0.774494009357273194282811346056
0.774065501710411885127882669622
0.773639062168358204729656790732
0.773214689849375469421488560329
0.772792383876379829210634397896
0.772372143376924280566697689210
0.771953967483195779841764760931
0.771537855331403621406138881866
0.771123806063579553260467491782
0.770711818825764449769621933228
0.770301892768602725070081760350
0.769894027047333118218830350088
0.769488220821788471148749977147
0.769084473256381961903116462054
0.768682783520101775565080970409
0.768283150786467472492802244233
0.767885574233634904395273679256
0.767490053044276310245663808018
0.767096586405612401726727966889
0.766705173509402038156679282110
0.766315813551943336712213294959
0.765928505734059572596095222252
0.765543249261094294055851605663
0.765160043196761341377509779704
0.764778886901569809886325401749
0.764399779594385320180549570068
0.764022720498569118952048029314
0.763647708841967087778357381467
0.763274743856911408457222023571
0.762903824780207462374903570890
0.762534950853129056547174968728
0.762168121321377900478921674221
0.761803335435181416812611132627
0.761440592449181719025830261671
0.761079891622465365408345405740
0.760721232218553811144090559537
0.760364613505404851601099380787
0.760010034755399521699814613385
0.759657495245337766043292049289
0.759306994255912970359645441931
0.758958531073267272937243888009
0.758612104987422597446311556268
0.758267715292797461756890697870
0.757925361288198318199249570171
0.757585042276819553563882436720
0.757246757566231276648238690541
0.756910506468377097810673603817
0.756576288299535160142283984896
0.756244102380408622643415128550
0.755913948036024185839210076665
0.755585824595759625310620322125
0.755259731393334243776394032466
0.754935667766811091539125300187
0.754613633058584420965075878485
0.754293626615377355015823468420
0.753975647780602442615816016769
0.753659695917255678665469531552
0.753345770385012603043151102611
0.753033870547855532784353727038
0.752723995774066900743548558239
0.752416145436229477638789830962
0.752110318911215824932980922313
0.751806515580184520075590626220
0.751504734828546516745007011195
0.751204976046047079307754756883
0.750907238626673523285148803552
0.750611521968679640259836105542
0.750317825474578925515345417807
0.750026148551145244169902071008
0.749736490609401728946181719948
0.749448851064618892792168480810
0.749163229335876534875637844380
0.748879624847357150407844983420
0.748598037027042639834917281405
0.748318465307143965148384268105
0.748040909124093045257097855938
0.747765367918544199277164352679
0.747491841135364154524722835049
0.747220328223629826069895898399
0.746950828636596564358285377239
0.746683341831773428332041930844
0.746417867270839252569203381427
0.746154404419665517878001992358
0.745892952748309245869506867166
0.745633511731013998158346112177
0.745376080846201105600812297780
0.745120659576466892737300895533
0.744867245798704780135324199364
0.744615840613718549256816459092
0.744366443516600195806631745654
0.744119054006600944006777353934
0.743873671587124363213661126792
0.743630295765727589163418542739
0.743388926054112109120808327134
0.743149561968121985522373051936
0.742912203027716877556940744398
0.742676848757036545123355608666
0.742443498684328906378482315631
0.742212152341968578461717243044
0.741982809266451659446772737283
0.741755468998396949587004201021
0.741530131082536958508910629462
0.741306795067716572944505060150
0.741085460506548332482168461866
0.740866126956430615102533465688
0.740648793978522346215243032930
0.740433461138080617480738965241
0.740220128004454580583626466250
0.740008794151087112567211079295
0.739799459155507266316931236361
0.739592122599327383980494232674
0.739386784068220781485081261053
0.739183443151977925822393444832
0.738982099444443152336248203937
0.738782752543531318067948632233
0.738585402051223471886487459415
0.738390047573567409600059363584
0.738196688720670457506400907732
0.738005325106698140125160989555
0.737815956345200474331136319961
0.737628582063119431211362098111
0.737443201886775923092898210598
0.737259815446535848870723839354
0.737078422376807873561688211339
0.736899022316042096036881048349
0.736721614906724275861904516205
0.736546199795374390006941212050
0.736372776632526537810008449014
0.736201345072777901812344225618
0.736031904774733569674083355494
0.735864455401022188318904682092
0.735698996618291300997327653022
0.735535528097208568532039407728
0.735374049512454996957444564032
0.735214560542724715475060293102
0.735057060870476064451395359356
0.734901550182664675681110111327
0.734748028170006062254060452688
0.734596494527218091263875976438
0.734446948953017764161188551952
0.734299391150120772664422474918
0.734153820825237835023813204316
0.734010237689071920463845799532
0.733868641456302261971700318099
0.733729031845624990459953096433
0.733591408579707615622567118407
0.733455771385201571455070279626
0.733322119992739107630086436984
0.733190454136933511541940333700
0.733060773556374223325349248626
0.732933077993626280743910683668
0.732807367145137500408225150750
0.732683640811507164158911109553
0.732561898747213779969911229273
0.732442140710703015749061250972
0.732324366464384701735923499655
0.732208575774634051747113971942
0.732094768411786889217296447896
0.731982944150138981065367715928
0.731873102767932381951254683372
0.731765244047387741765930968540
0.731659367774669222583838745777
0.731555473739893713513993134256
0.731453561737128388209328022640
0.731353631564391148955905919138
0.731255683023647296003844076040
0.731159715920808306321987402043
0.731065730065582730645701303729
0.730973725271917618151462647802
0.730883701357554094180102310929
0.730795658144173243542240925308
0.730709595457395111317566716025
0.730625513126778147743323188479
0.730543410985816099589840177941
0.730463288871937788115928924526
0.730385146626497672173172759358
0.730308984094798385733326995251
0.730234801126065202758752548107
0.730162597573453919785890775529
0.730092373294048413434609301476
0.730024128148860640408202016260
0.729957862002828861136549676303
0.729893574724816862620002666517
0.729831266186046212496307816764
0.729770936264794722880822064326
0.729712584841695766080249541119
0.729656211801304577235782744538
0.729601817032096366943960674689
0.729549400426467098412786072004
0.729498961880730600881861391827
0.729450501295119013711598654481
0.729404018573776680156584006909
0.729359513624774025153385537124
0.729316986360092345265115909569
0.729276436695627805484321015683
0.729237864551190551054560273769
0.729201269850505040537314016547
0.729166652521209046611261328508
0.729134012494852212782348033215
0.729103349706846981526098261384
0.729074664096616031905284671666
0.729047955607443398662326217163
0.729023224186523877143883964891
0.729000469784962024100138933136
0.728979692357772601774001941521
0.728960891863879689722693910880
0.728944068266116240728536013194
0.728929221531222859553622583917
0.728916351629850911564290072420
0.728905458536558970017438241484
0.728896542229813704238949867431
0.728889602691989546556783352571
0.728884639909368470256367800175
0.728881653872140544692115327052
0.728880644574403047109001363424
0.728881611995385592095431093185
0.728884556155775742425362295762
0.728889477061393509238484966772
0.728896374721966222587354877760
0.728905249151128975526603426260
0.728916100366424402068332710769
0.728928928389303343315930305835
0.728943733245124292352556949481
0.728960514963156058776405643584
0.728979273576572217585578528087
0.729000009122456993360117394332
0.729022721641803705949769209838
0.729047411179515103540893505851
0.729074077784403473678764839860
0.729102721509190754289875258110
0.729133342410510310038773695851
0.729165940548954671918124859076
0.729200515988930431099390716554
0.729237068798804899394383483013
0.729275599050857814553694424831
0.729316106821282450489718485187
0.729358592190184618075932121428
0.729403055241585107637547480408
0.729449496063420133040722248552
0.729497914747545772584658152482
0.729548311389725090414515307202
0.729600686089643013509942193195
0.729655038950902445904489468376
0.729711370081025378908634593245
0.729769679591453002132084293407
0.729829967597546813706799184729
0.729892234218590285621530711069
0.729956479579346173558462851361
0.730022703805386141695521473594
0.730090907027763358350114231143
0.730161089381456518410118405882
0.730233251005371175601510458364
0.730307392042339298399156177766
0.730383512639122378651279632322
0.730461612946411320557160706812
0.730541693118836432674356728967
0.730623753314944002212882878666
0.730707793697221830164778566541
0.730793814432092458943657220516
0.730881815689915392830755536124
0.730971797644986098774211313867
0.731063760475540225236557034805
0.731157704363752825038602622953
0.731253629495888013423154916381
0.731351536061858986670358717674
0.731451424255671001084522231395
0.731553294275275045599471468449
0.731657146322571172447624121560
0.731762980603406942847755090042
0.731870797327581756874792517920
0.731980596708847741638237494044
0.732092378964922185780039853853
0.732206144317457341408328375110
0.732321892992073619765847070084
0.732439625218351042512665571849
0.732559341229832350350648084714
0.732681041264021892800428759074
0.732804725562390291138115117064
0.732930394370375104529102827655
0.733058047986382632643653778359
0.733187686614791500616661323875
0.733319310512952626801563837944
0.733452919942192527180679917365
0.733588515167815424788955169788
0.733726096459103138691659751203
0.733865664089320191010301641654
0.734007218335714917145651270403
0.734150759479535452989296118176
0.734296287805989655872451749019
0.734443803604290068598459129134
0.734593307167642040056421137706
0.734744798793246611801066592307
0.734898278782300740097355173930
0.735053747440001736812575927615
0.735211205075549822929303900310
0.735370652002392488633120137820
0.735532088537498185409901907406
0.735695515002088629152865451033
0.735860931721397770743919863889
0.736028339024675348767345894885
0.736197737245186667465191021620
0.736369126720218258874695038685
0.736542507791080103274339307973
0.736717880803124169908357998793
0.736895246105696788418981668656
0.737074604052192938752341433428
0.737255955000040930080729140172
0.737439299310708173962325417961
0.737624637349698519805940577498
0.737811969486560137454489449738
0.738001296094886627408016011032
0.738192617556913233123339068698
0.738385934249741415769108243694
0.738581246559120163652778501273
0.738778554874856108192204828811
0.738977859590818408896950586495
0.739179161104937532122960419656
0.739382459819212800589127709827
0.739587756139713725644924124936
0.739795050476603877065429060167
0.740004343244083817587863904919
0.740215634860454496646298139240
0.740428925748100708048582418996
0.740644216333496085979959389078
0.740861507047201661713131670695
0.741080798323874523347853937594
0.741302090602268703989352616190
0.741525384325576575328398121201
0.741750679940421764335667376145
0.741977977897872675860924118751
0.742207278653109314703328891483
0.742438582665429280815772017377
0.742671890398246103970336662314
0.742907202319098014520193373755
0.743144518899650274867951793567
0.743383840615721713795949199266
0.743625167947219334330100082298
0.743868501378211477437218945852
0.744113841396908615166694289655
0.744361188495669678921728973364
0.744610543170999616968686041218
0.744861905923560385645032511093
0.745115277258171060381641837012
0.745370659147384539977565509616
0.745628050640780970503840308083
0.745887452255682426027760811849
0.746148864513585752256119576487
0.746412287940167895605725334462
0.746677723065286347292612845195
0.746945170422987692049332508759
0.747214630551510605727116853814
0.747486103993316053362150341854
0.747759591295013459344431794307
0.748035093007443752100016354234
0.748312609685656826563615595660
0.748592141888919204717467437149
0.748873690180712259234496741556
0.749157255128742316507839404949
0.749442837304943876297613769566
0.749730437285910711331382572098
0.750020055651620443093463563855
0.750311692986718847819815891853
0.750605349880099415038614552032
0.750901026924908454596163664974
0.751198724718544874612291550875
0.751498443862671172688294518593
0.751800184963215767375288578478
0.752103948630407415087972822221
0.752409735478693053600807161274
0.752717546126829839536753752327
0.753027381197861167549945093924
0.753339241319123553708436702436
0.753653127122246302427299724513
0.753969039243162497676564726135
0.754286978322112111605690643046
0.754606945011050633809190912871
0.754928939951443833678013106692
0.755252963796483767211498161487
0.755579017203690694870488187007
0.755907100834920631093893916841
0.756237215356364234075670083257
0.756569361438558907195783831412
0.756903539756391907644683669787
0.757239750989137982983834262996
0.757577995820369554103024256619
0.757918274938057634493304703938
0.758260589034545406939002987201
0.758604938806556439168105043791
0.758951324955194017718440591125
0.759299748185953471413256465894
0.759650209208725613052592962049
0.760002708738314103342759153747
0.760357247492906895836028979829
0.760713826195617337511123423610
0.761072445573976907873259278858
0.761433106359945766072883088782
0.761795809289910197392714508169
0.762160555104696824102461505390
0.762527344549575381016381925292
0.762896178374300348856706932565
0.763267057333013032582869072940
0.763639982184351917560150013742
0.764014953691423581716435364797
0.764391972621812354482528917288
0.764771039747578873502220631053
0.765152155845274517531606761622
0.765535321695944626085861273168
0.765920538220246305272098652495
0.766307806073122432799493708444
0.766697126049141419734667124430
0.767088498947391062010581208597
0.767481925571490086745995995443
0.767877406729585709754815070482
0.768274943234368623556918009854
0.768674535903076772136444105854
0.769076185557539537818172448169
0.769479893024073935414719471737
0.769885659133602739956359073403
0.770293484721622956357123257476
0.770703370628217254711955774837
0.771115317698051971895267797663
0.771529326780392543660980209097
0.771945398729108167579227028909
0.772363534403267770755974197527
0.772783734665379973272081315372
0.773206000383168001732769880618
0.773630332428987821380417244654
0.774056731679837461967963463394
0.774485199017357572870423609857
0.774915735327845855984207901201
0.775348341502262727864547287027
0.775783018436277282958712930849
0.776219767030157936638090632187
0.776658588188897547333056081698
0.777099482822181553132168119191
0.777542451844398185833995285066
0.777987496174638804014023207856
0.778434616736713991258511669002
0.778883814459157330922778328386
0.779335090285016685029972904886
0.779788445142515218577727864613
0.780243879974406473465364797448
0.780701395728199409873582226282
0.781160993356169619517004321096
0.781622673815359436666483361478
0.782086438067593814338351876359
0.782552287079485986431848232314
0.783020221822487316742922303092
0.783490243272771391680464603269
0.783962352411366802940051456972
0.784436550224122952634786543058
0.784912837701723042904689009447
0.785391215839682743649063922931
0.785871685638368511206408584258
0.786354248103002029246511028759
0.786838904244325898496015270212
0.787325655076642982876933274383
0.787814501619794937958829450508
0.788305444898513174578624784772
0.788798485942432403561497267219
0.789293625786089525497857266600
0.789790865468942171467858770484
0.790290206035373588022707735945
0.790791648534745816867541634565
0.791295194021279346685560085461
0.791800843554190669770775912184
0.792308598197659419426486238081
0.792818459020840471396240900503
0.793330427097863388752330138232
0.793844503507852183865622919257
0.794360689334929981342270366440
0.794879014205629785827511568641
0.795399450676763541956404424127
0.795921999847571726149908499792
0.796446662822332895892429860396
0.796973440710376346274301795347
0.797502334626082554080994668766
0.798033345688902495673744397209
0.798566475023363420149280500482
0.799101723759125137647174597078
0.799639093030853453925033136329
0.800178583978366497753142994043
0.800720197746598194576961304847
0.801263935485613143505645439291
0.801809798350605396066725916171
0.802357787501919883510481668054
0.802907904105058300991970554605
0.803460149331400530492430789309
0.804014524356082560530012415256
0.804571030360139438641908782301
0.805129668529804720655818073283
0.805690440056524015410843730933
0.806253346136955983958216620522
0.806818387972993322776460445311
0.807385566771768203864212409826
0.807954883745712115761250515789
0.808526340112425190298495181196
0.809099937094827192929358261608
0.809675675921121329459140270046
0.810253557824809234055862816604
0.810833584044691968450990771089
0.811415755824890339020782903390
0.812000074414853334481279034662
0.812586541080744129139645792748
0.813175157071326037971914502123
0.813765923652099765206457959721
0.814358842093937496109390394849
0.814953913673099883396844234085
0.815551139671236491324179951334
0.816150521375407445034966258390
0.816752060078091091099850018509
0.817355757077244837738305704988
0.817961613676171483966470532323
0.818569631183676538199733840884
0.819179810914029915558387529018
0.819792154186983035302205280459
0.820406662327769820031164726970
0.821023336667128900145939951472
0.821642178541311829498283714202
0.822263189292843366118290759914
0.822886370268290368024111103296
0.823511722820517877430290809571
0.824139248307951932659420890559
0.824768948094596998643623919634
0.825400823550037299192183581908
0.826034876049459798608154414978
0.826671106973663083472558810172
0.827309517709118980022253708739
0.827950109647838550230858345458
0.828592884187531297790485496080
0.829237842731569529952651009808
0.829884986689003900650618561485
0.830534317474566519123868602037
0.831185836508694486646220411785
0.831839545217538223198516789125
0.832495445208519257995760654012
0.833153537743713479279961120483
0.833813824266493863746063652798
0.834476306225999664434311853256
0.835140985077153730209431614639
0.835807862280666502563519770774
0.836476939303059108254956299788
0.837148217616673129271021025488
0.837821698699733996562599713798
0.838497384036215986924389653723
0.839175275116004981690309705300
0.839855373434862606529804907041
0.840537680494442995815518315794
0.841222197802297344537691969890
0.841908926871897667076893867488
0.842597869222647455345054368081
0.843289026380656503434352089243
0.843982399876473721178626874462
0.844677991247383075368304616859
0.845375802036656520677126991359
0.846075833793572984475872544863
0.846778088073422363635245346813
0.847482566437529949432416742638
0.848189270453267529781271605316
0.848898201694118448301651369547
0.849609361739543156311071925302
0.850322752175143192765460753435
0.851038374592626101211578770744
0.851756230589824081533834032598
0.852476321770698985957892546139
0.853198649745367410091034798825
0.853923216130112794353124172630
0.854650022558972377595409852802
0.855379070649036510332052785088
0.856110362035181537976313848048
0.856843898358511046886576423276
0.857579681266376403492301960796
0.858317712412381639275338329753
0.859057993456410318167115747201
0.859800526064636749801195492182
0.860545311909591159604815402417
0.861292352670030014749613656022
0.862041650031097450579409269267
0.862793205684292519030975654459
0.863547021327490171849206035404
0.864303098664945923523816873058
0.865061439407323273798056106898
0.865822045271706142166578956676
0.866584917982358260424291529489
0.867350059268512607602019670594
0.868117470866615059676973942260
0.868887154519599080870762008999
0.869659111976905929708436815417
0.870433344994490654222829562059
0.871209855334850957753189959476
0.871988644767039189353852179920
0.872769715066728180019595129124
0.873553068016084566238532715943
0.874338705403930327442196812626
0.875126629025711810783150212956
0.875916840683521047417059435247
0.876709342186103413041564635932
0.877504135348884495293475538347
0.878301221993985192781906334858
0.879100605705204873885350025375
0.879902286563146951436920062406
0.880706266410129723354316411132
0.881512547095237963823421978304
0.882321130474345238781097577885
0.883132018410122454632471544755
0.883945212772066390982672601240
0.884760715436513356380032746529
0.885578528286705246586052453495
0.886398653212668863332623914175
0.887221092111374787236854899675
0.888045846886707734846311268484
0.888872919449489984344836557284
0.889702311717491034492866219807
0.890534025615455582247648180783
0.891368063075119954064007288252
0.892204426035913544801303487475
0.893043116442930662302046584955
0.893884136248998983909075377596
0.894727487414013755717689946323
0.895573171904963105660613109649
0.896421191695937147336792349961
0.897271548768158067055367155263
0.898124245109995222868803921301
0.898979282717031202842861148383
0.899836663591949026397287525469
0.900696389744684577927102964168
0.901558463192402625985266695352
0.902422885959520582055404247512
0.903289660077719491759751235804
0.904158787585974565992330553854
0.905030270530572167331229138654
0.905904110974444787274251211784
0.906780310969249936370317755063
0.907658872583333664607607715880
0.908539797892436773452118359273
0.909423088979719684843416871445
0.910308747935774431603306311445
0.911196776858656076747422503104
0.912087177853899255808300949866
0.912979953034581459547780468711
0.913875104521224335130114013737
0.914772634441935128535305921105
0.915672544932389254057625294081
0.916574838135854719212147756480
0.917479516203205891500260804605
0.918386581292954473632050849119
0.919296035571268266295419380185
0.920207881212562028849788475782
0.921122120397817711889842939854
0.922038755316309299736587945517
0.922957788165057135820745770616
0.923879221148854790079951726511
0.924803056480283935947284135182
0.925729296379745103529046446056
0.926657943075478218730722801411
0.927588998803621778144190557214
0.928522465808129471298570933868
0.929458346340900409821017547074
0.930396642661767359072655381169
0.931337357038522717367357017793
0.932280491746935946473229250842
0.933226049070784102745790278277
0.934174031301873597499252355192
0.935124440815020441242211290955
0.936077279843207099574442509038
0.937032550702475486303910656716
0.937990255716994014711929139594
0.938950397219085908240288063098
0.939912977549246630992740847432
0.940877999056175862158113432088
0.941845464096800033537704166520
0.942815375036327729674212605460
0.943787734248185739005521099898
0.944762544114133184791626263177
0.945739807024258083423262633005
0.946719525377004877952913375339
0.947701701579193978020043687138
0.948686338046054067341117388423
0.949673437201245751460021438106
0.950663001477267344263566428708
0.951655033314343978823046654725
0.952649535161591010101744814165
0.953646509476661630166915983864
0.954645958725774845810008173430
0.955647885383737794029457290890
0.956652291933978382587611122290
0.957659180868569048783456310048
0.958668554688278273800960960216
0.959680415902529393434861049172
0.960694767029495522159265874507
0.961711610596105437309688568348
0.962730949138072444881686351437
0.963752785199917694214377661410
0.964777121335003484681180907501
0.965803960105558578774775924103
0.966833304085445432995982173452
0.967865155851974634515499928966
0.968899517994147307931029899919
0.969936393109946171087187849480
0.970975783806365067007959623879
0.972017692699435054137779843586
0.973062122414256713831548495364
0.974109075585028127974851486215
0.975158554855088621771130874549
0.976210562876906329243809068430
0.977265102312149802621377148171
0.978322175831704221593554393621
0.979381786115701702399860550941
0.980443935853549164427533924027
0.981508627743961858946875054244
0.982575864494991679798374661914
0.983645648824152618594496289006
0.984717983458170409427623326337
0.985792871133293724383861444949
0.986870314595232223098264512373
0.987950316599188194111036409595
0.989032879909886086799986060214
0.990118007301605707048963722627
0.991205701558213414514852956927
0.992295965473197538742056167393
0.993388801849689806466869868018
0.994484213500508640315445063607
0.995582203248186914379402878694
0.996682773925005149884270849725
0.997785928373023711657197054592
0.998891669444115448683874092239
1.000000000000000000000000000000
